6 8
2.4137497543989617 -0.6849232230569169 -2.0995993019158288 9.7870788151835 -0.5634879255371184 -2.772099349893382 3.3759500655203234 -4.79373574665432
-5.982525758439888 -6.667139777663065 -9.710836508658522 -6.730726036709096 -4.110164665866511 6.832982454193286 -1.9718198228790373 -8.413429585583536
5.874339355555032 -0.5094815753540516 7.988377170170022 -2.0081892984835537 -9.901946136890881 -2.309546941797489 4.365415645106467 -8.924458790890455
-1.652278326396841 0.45662999733748544 1.5029971714805157 8.354251683096921 -8.106345430612267 -4.891274039121742 9.707167649600548 0.5073996482622012
2.736892172824079 2.164816256428792 8.547310873065816 -3.8874573305978277 8.334744621135059 4.261511782702878 8.188063799444105 8.305637659817862
-3.8707412981645106 -9.116761386357762 9.356759734146836 -9.07152709005172 -3.646586476492837 -2.187452352838828 -2.424978131908837 -3.876523073226281
6 8
-3.3058105490234446 -3.6972041662015487 3.3254412572258496 7.377005632314173 6.434844822263958 9.273241958960497 -6.522600943246626 -6.151548798227415
-8.766901416720428 0.9799937545788295 7.88968992997352 1.9147869112714155 -7.68236826489794 1.1485733754379202 6.904443827129992 5.824425354575478
-0.3561558916798102 9.515918225099803 -9.95752769506726 7.412896817531345 0.43831583239830385 9.960838740579723 -0.5859419217921857 -9.653313333986349
9.373123887453538 2.7068271041902325 -8.002392460516258 5.642296741082364 -4.14381547873806 1.0971051856295522 -2.853123587923807 -4.502534230685615
-2.5633054785237386 8.429639719221498 -8.296682204263778 2.987284458207149 -3.8381684568388663 9.465544994748669 3.8489126800251805 1.4496800945671495
-0.7589946103056522 0.5410761206927517 6.778775683286673 -1.9581758300237717 9.390946960762665 -0.4947344712104318 -7.872476269785977 6.159323157643721
6 8
-0.892060794624483 -4.382127389258466 1.2258419553100208 17.16408444749767 5.87135689672684 6.501142609067115 -3.146650877726303 -10.945284544881734
-14.749427175160315 -5.687146023084235 -1.8211465786850018 -4.81593912543768 -11.792532930764452 7.981555829631207 4.932624004250954 -2.589004231008058
5.518183463875221 9.006436649745751 -1.9691505248972376 5.404707519047792 -9.463630304492577 7.651291798782234 3.7794737233142817 -18.5777721248768
7.720845561056697 3.163457101527718 -6.499395289035743 13.996548424179284 -12.250160909350328 -3.7941688534921902 6.85404406167674 -3.995134582423414
0.17358669430034057 10.594455975650291 0.2506286688020385 -0.9001728723906788 4.496576164296192 13.727056777451548 12.036976479469285 9.755317754385011
-4.629735908470163 -8.57568526566501 16.13553541743351 -11.029702920075492 5.744360484269828 -2.6821868240492597 -10.297454401694814 2.2828000844174396
6 8
5.719560303422407 3.012280943144632 -5.425040559141678 2.4100731828693274 -6.998332747801077 -12.04534130885388 9.89855100876695 1.3578130515730953
2.78437565828054 -7.647133532241895 -17.60052643863204 -8.645512947980512 3.572203599031429 5.684409078755365 -8.87626365000903 -14.237854940159014
6.230495247234842 -10.025399800453854 17.94590486523728 -9.421086116014898 -10.340261969289186 -12.270385682377212 4.951357566898653 0.7288545430958937
-11.025402213850379 -2.250197106852747 9.505389631996774 2.7119549420145566 -3.962529951874207 -5.988379224751295 12.560291237524355 5.009933878947816
5.300197651347817 -6.264823462792706 16.843993077329593 -6.874741788804977 12.172913077973925 -5.204033212045791 4.339151119418925 6.855957565250712
-3.1117466878588584 -9.657837507050514 2.577984050860163 -7.113351260027949 -13.037533437255503 -1.692717881628396 5.44749813787714 -10.035846230870002
8 2
-9.443153245255067 9.721317623386994
-5.4190107430684815 9.095740924788045
1.7536778563194466 8.762124403548363
-9.31690202125768 9.770958632551638
-3.7624865436401933 2.2884070353292185
-4.270221905004304 1.1013526978406163
-6.913275799509955 -4.403506844496863
0.8156895005808118 1.5964966938815617
6 2
-127.24055642218909 67.60538446939545
131.35812165643188 -276.28310894690276
-10.332950164346428 44.171110688330124
-77.37934243787433 17.016408439431217
-85.75625320332833 84.17566616163923
223.5467455451875 -133.4693075335854
-2.672935849325857
6 8
-6.451798249834467 1.8307558369446435 5.612094243310362 -26.160233825281612 1.5061670768304227 7.409643730222924 -9.023697955663248 12.813348129427185
15.990907569249337 17.820836924182032 25.956443030935706 17.990798915510688 10.98620648202703 -18.26412375962781 5.270547892984741 22.488557555085023
-15.701732254568796 1.3618115673348574 -21.352419716083695 5.367761168149235 26.46726680738932 6.1732708164314065 -11.66847597501304 23.85450583800239
4.416433971690246 -1.2205426897609355 -4.017415021085633 -22.33037881804064 21.66774130850238 13.07406172804539 -25.946636406033523 -1.3562467097753679
-7.315537204480821 -5.786414979011916 -22.84641364795031 10.390924061679534 -22.278237692807757 -11.390747616311065 -21.886169266101433 -22.20043665243808
10.346243179330026 24.368518339345364 -25.010018526929752 24.247609967129915 9.747091720684566 5.846919812595097 6.481810982610377 10.361697493165371
6 8
-2.4137497543989617 0.6849232230569169 2.0995993019158288 -9.7870788151835 0.5634879255371184 2.772099349893382 -3.3759500655203234 4.79373574665432
5.982525758439888 6.667139777663065 9.710836508658522 6.730726036709096 4.110164665866511 -6.832982454193286 1.9718198228790373 8.413429585583536
-5.874339355555032 0.5094815753540516 -7.988377170170022 2.0081892984835537 9.901946136890881 2.309546941797489 -4.365415645106467 8.924458790890455
1.652278326396841 -0.45662999733748544 -1.5029971714805157 -8.354251683096921 8.106345430612267 4.891274039121742 -9.707167649600548 -0.5073996482622012
-2.736892172824079 -2.164816256428792 -8.547310873065816 3.8874573305978277 -8.334744621135059 -4.261511782702878 -8.188063799444105 -8.305637659817862
3.8707412981645106 9.116761386357762 -9.356759734146836 9.07152709005172 3.646586476492837 2.187452352838828 2.424978131908837 3.876523073226281
8 6
2.4137497543989617 -5.982525758439888 5.874339355555032 -1.652278326396841 2.736892172824079 -3.8707412981645106
-0.6849232230569169 -6.667139777663065 -0.5094815753540516 0.45662999733748544 2.164816256428792 -9.116761386357762
-2.0995993019158288 -9.710836508658522 7.988377170170022 1.5029971714805157 8.547310873065816 9.356759734146836
9.7870788151835 -6.730726036709096 -2.0081892984835537 8.354251683096921 -3.8874573305978277 -9.07152709005172
-0.5634879255371184 -4.110164665866511 -9.901946136890881 -8.106345430612267 8.334744621135059 -3.646586476492837
-2.772099349893382 6.832982454193286 -2.309546941797489 -4.891274039121742 4.261511782702878 -2.187452352838828
3.3759500655203234 -1.9718198228790373 4.365415645106467 9.707167649600548 8.188063799444105 -2.424978131908837
-4.79373574665432 -8.413429585583536 -8.924458790890455 0.5073996482622012 8.305637659817862 -3.876523073226281
6 6
-2.3316264942916587 -9.852514541584148 -5.237337954959218 5.101547936186015 -7.179119747894196 -5.73335987624014
4.403169113828669 -2.6063167352709105 1.5149333450348523 7.756553494132881 7.66205641791432 -2.077490979748271
-1.144936222591646 -2.1272377868010284 -3.8158814284180043 -9.299053859358752 4.6844485212565505 -0.9179751951806314
-8.578095162226036 7.074223636798491 -3.3600499030279263 -5.054073231871414 8.889518704557855 0.8481880020148891
2.3016086953063453 -2.719226299472408 -5.018456621610983 -4.286410621601373 8.108605512056071 -1.0856583294154243
7.433965217870568 9.987575685506778 -8.766072206203175 -0.8345661321185593 -5.638654444526789 8.392530986134892
2.6932386083389765
3 3
-3.1122422055490118 -7.401351149914765 4.009770172116481
-2.0256374841322433 -3.597975428424931 0.5580357232982913
7.188743009092773 2.7673938986100666 9.214567441193777
21.38347763081765
5 8
-6.7702935063338305 -9.562735987664098 -4.374700868031431 7.721825619630398 -5.977871860535966 -9.07081962234415 -9.523912437692799 6.3328857627484485
1.4405075160761105 -1.8629536918720557 -6.848798248296458 -4.250288524261798 -0.4318663149926927 4.0827502427200795 -1.2797126373607726 -5.9145260026925905
4.964917516144349 6.24654907378857 -2.034102678628622 -2.893478311898372 3.6881311261973826 4.926022102985364 -1.5377190479793201 6.625061581869245
-6.767246226995855 -3.8497543310542826 -2.935491677000903 -2.1233180908759053 -7.3990262437754755 -3.083003642787958 -2.708848764609064 5.373753752368165
0.4415780933309077 -3.846508082516431 8.693874264610486 1.5117752942252483 1.0583567558303564 5.914650560958825 1.9465702192668521 8.7246380454752
5 8
-6.5064462354158366 3.042718631332735 5.283335411296621 -9.04794519211369 3.6774888427886276 9.18818601618462 -7.124307748150884 3.7897998154126644
7.4570181275332015 -2.7130970401187327 9.364740675825722 3.4791359633751395 -5.059670227672852 -9.990765035915848 -4.997875575392299 2.946992833103641
7.329260529298873 -2.6026598749937846 -1.7419592037786469 -0.33861406609514644 4.31621713846801 9.692560538583848 5.572742920685323 -0.7912238554463391
-9.896124227832452 -8.401023017470699 -1.5284698127972352 8.367843901303589 -6.922526243160457 4.334684346355213 -0.48480184897530254 -4.068247502817313
8.175307902382713 3.945548725284014 -1.1820311854273546 -3.775544318480135 3.781359561641646 -3.2764108481530463 8.550620958624222 -0.7542177195444677
5 8
-13.276739741749667 -6.520017356331364 0.9086345432651894 -1.326119572483293 -2.3003830177473388 0.1173663938404701 -16.648220185843684 10.122685578161112
8.897525643609312 -4.576050731990788 2.5159424275292643 -0.7711525608866583 -5.4915365426655445 -5.908014793195768 -6.277588212753072 -2.9675331695889495
12.294178045443221 3.6438891987947852 -3.776061882407269 -3.2320923779935185 8.004348264665392 14.618582641569212 4.035023872706003 5.833837726422906
-16.663370454828307 -12.25077734852498 -4.463961489798138 6.2445258104276835 -14.321552486935932 1.251680703567255 -3.1936506135843667 1.3055062495508523
8.61688599571362 0.09904064276758273 7.511843079183131 -2.263769024254887 4.839716317472003 2.638239712805779 10.497191177891075 7.970420325930732
5 8
-0.263847270917994 -12.605454618996832 -9.658036279328051 16.76977081174409 -9.655360703324593 -18.25900563852877 -2.3996046895419143 2.543085947335784
-6.016510611457091 0.8501433482466769 -16.21353892412218 -7.729424487636937 4.627803912680159 14.073515278635927 3.718162938031526 -8.861518835796232
-2.3643430131545236 8.849208948782355 -0.29214347484997516 -2.5548642458032256 -0.6280860122706278 -4.766538435598484 -7.1104619686646435 7.416285437315584
3.128878000836597 4.5512686864164165 -1.407021864203668 -10.491161992179494 -0.47650000061501885 -7.417687989143172 -2.2240469156337617 9.442001255185478
-7.733729809051805 -7.792056807800445 9.875905450037841 5.287319612705383 -2.72300280581129 9.191061409111871 -6.60405073935737 9.478855765019667
8 1
-6.926926492176677
5.390512383646435
5.193320406213477
4.149122987266553
8.582622143748209
-7.365491460372922
3.283801763027525
-8.803005615846708
5 1
-66.84898074473634
-59.13826258467545
-91.28741955476916
-94.9265042432758
-77.26253125527185
3.563931982290549
5 8
-24.128865556717162 -34.08094062463688 -15.591136336531445 27.52006128747131 -21.30472870979884 -32.32778415766099 -33.94257613322811 22.569974110051675
5.133870807273567 -6.639440243989072 -24.408651117359234 -15.147739205579121 -1.5391421720764218 14.550644165734592 -4.560808796431445 -21.0789683810852
17.6946283252214 22.26227602302249 -7.249403591627421 -10.312159895838677 13.144248475536113 17.556007718299686 -5.4803260948708745 23.611268856268218
-24.118005260425576 -13.720262584405916 -10.461892671411237 -7.567361252648749 -26.369626267998527 -10.987615284050271 -9.654152747378488 19.15169286301875
1.573754289500903 -13.708693175419404 30.984376541658037 5.3878643211260675 3.7719114907770765 21.079412298273894 6.937443860219461 31.09401656417797
5 8
6.7702935063338305 9.562735987664098 4.374700868031431 -7.721825619630398 5.977871860535966 9.07081962234415 9.523912437692799 -6.3328857627484485
-1.4405075160761105 1.8629536918720557 6.848798248296458 4.250288524261798 0.4318663149926927 -4.0827502427200795 1.2797126373607726 5.9145260026925905
-4.964917516144349 -6.24654907378857 2.034102678628622 2.893478311898372 -3.6881311261973826 -4.926022102985364 1.5377190479793201 -6.625061581869245
6.767246226995855 3.8497543310542826 2.935491677000903 2.1233180908759053 7.3990262437754755 3.083003642787958 2.708848764609064 -5.373753752368165
-0.4415780933309077 3.846508082516431 -8.693874264610486 -1.5117752942252483 -1.0583567558303564 -5.914650560958825 -1.9465702192668521 -8.7246380454752
8 5
-6.7702935063338305 1.4405075160761105 4.964917516144349 -6.767246226995855 0.4415780933309077
-9.562735987664098 -1.8629536918720557 6.24654907378857 -3.8497543310542826 -3.846508082516431
-4.374700868031431 -6.848798248296458 -2.034102678628622 -2.935491677000903 8.693874264610486
7.721825619630398 -4.250288524261798 -2.893478311898372 -2.1233180908759053 1.5117752942252483
-5.977871860535966 -0.4318663149926927 3.6881311261973826 -7.3990262437754755 1.0583567558303564
-9.07081962234415 4.0827502427200795 4.926022102985364 -3.083003642787958 5.914650560958825
-9.523912437692799 -1.2797126373607726 -1.5377190479793201 -2.708848764609064 1.9465702192668521
6.3328857627484485 -5.9145260026925905 6.625061581869245 5.373753752368165 8.7246380454752
5 5
8.649462518115934 6.546317170390219 6.262441288855738 -1.5022547771048078 -5.1228978500890765
-7.498993379916397 -2.278779349057942 -8.962065570562219 4.210764398747504 -9.567533400958773
-1.3814843957247125 7.117302750032892 2.9796808152955134 -5.6680334116728615 -3.793225650414198
3.994500752493073 0.3939971095685202 -4.170010578966612 8.726829881367708 -4.734915684202175
-8.515448481944318 5.35398684566851 9.91852851356298 9.181953784567833 1.4548773069863774
19.53207117270759
5 5
5.986299628592695 3.307855862703384 -1.9750586026604955 -6.970735767999587 2.2089946589081255
-3.557490173348501 2.590740641038365 -9.349133362268674 -6.440605235066322 8.53144820482639
9.420714921438552 4.77350865501297 -5.611935378464013 -7.460249255437683 2.046000212371517
2.999152668658891 7.009852770408134 -1.2678647333448723 3.8271954842129086 -5.229866417969637
-6.083066052994976 -0.6746785746686168 -6.131247431704949 -2.134716182063774 -5.176367901885284
31124.656659500113
4 4
-1.0957751032002516 -2.0706658109493103 0.07045983804100597 -4.709456723388071
7.9641413732754955 -7.613998561948385 -5.817146790321757 9.16618083318335
-6.758070233569741 -1.8630846128625889 5.648996057808011 7.006457928333902
5.674494893910207 6.761648716844066 -2.1378904985261804 6.34792051174548
4 4
-5.13990248740326 7.391264029428251 -3.2085690547039314 9.594135150675235
8.062052670612651 -1.1286245085606805 8.716606567289148 8.577976239670113
6.601131875465242 7.765914089876425 -9.033438247877507 -8.965297246869772
6.3961958340020475 1.9458541380750072 5.597050900420742 8.049391789569327
4 4
-6.235677590603512 5.32059821847894 -3.1381092166629254 4.884678427287165
16.026194043888147 -8.742623070509065 2.899459776967391 17.74415707285346
-0.1569383581044992 5.902829477013836 -3.384442190069496 -1.95883931853587
12.070690727912254 8.707502854919074 3.4591604018945614 14.397312301314807
4 4
4.0441273842030085 -9.461929840377561 3.2790288927449374 -14.303591874063306
-0.09791129733715564 -6.485374053387705 -14.533753357610905 0.5882045935132378
-13.359202109034984 -9.628998702739015 14.682434305685518 15.971755175203675
-0.7217009400918402 4.815794578769059 -7.734941398946923 -1.7014712778238472
4 4
-5.477431662561115 1.0467488395720648 -8.98076971028509 -3.5608201768516534
9.777544881816791 0.22314502162873007 0.007097328822049942 -7.917461015544685
-0.9019383131466818 -3.593679186141372 -3.1446235049310767 5.01446722887279
-0.7315317543825262 -7.091175635090972 -6.431504914074204 -9.703242747372018
4 4
-10.86242794490385 31.533314633101014 39.893532056197245 66.34659427526555
-119.52789757512764 -37.45660898112234 -112.23775920841697 -86.18690814291652
8.579982018607392 -77.47444353619966 -2.1465848494780957 -0.8434838346868432
32.31520572437165 -29.882727485056666 -85.0171634728828 -146.05674153836424
-7.570513174204616
4 4
8.295579854742927 15.676002801166838 -0.5334171321417593 35.653004167755896
-60.29263718761018 57.641876421605254 44.03878641241295 -69.3926927547564
51.1620597354398 14.104506606334136 -42.76579907666549 -53.04248205096219
-42.95883835130405 -51.18915069021174 16.184928184099324 -48.05701586297287
4 4
1.0957751032002516 2.0706658109493103 -0.07045983804100597 4.709456723388071
-7.9641413732754955 7.613998561948385 5.817146790321757 -9.16618083318335
6.758070233569741 1.8630846128625889 -5.648996057808011 -7.006457928333902
-5.674494893910207 -6.761648716844066 2.1378904985261804 -6.34792051174548
4 4
-1.0957751032002516 7.9641413732754955 -6.758070233569741 5.674494893910207
-2.0706658109493103 -7.613998561948385 -1.8630846128625889 6.761648716844066
0.07045983804100597 -5.817146790321757 5.648996057808011 -2.1378904985261804
-4.709456723388071 9.16618083318335 7.006457928333902 6.34792051174548
4 4
7.621088451141745 1.8331207937128147 3.7670236915821897 -5.026841011362102
8.173329523595745 5.319387117980197 3.1957995636819647 5.99612084543719
-3.873824918261828 -1.4619834136553855 4.738522841485948 0.7248245828270528
-3.1298549467339676 6.089959185016978 4.593139410259612 0.4161504377189651
18.095148848326854
4 4
-4.479665131401569 1.7036578061175311 -7.9242356046788 5.628754357668518
2.705605328549925 7.973789451401602 5.169372096232694 2.944483122766659
2.067909135508499 -9.569857071585828 0.2584313379783598 9.519604954815225
9.791672947134549 7.756523730011815 3.084131288573211 -6.61267132850202
-11165.058072159609
3 2
7.435879383907633 -8.658263818353621
3.5341037057238966 -7.629340447901782
-7.546130325616016 -0.07903909906009643
3 2
0.291937632140582 -8.792943018742204
-1.8600781923346643 -8.80142911040631
4.327982491292959 6.715469713438001
3 2
7.727817016048215 -17.451206837095825
1.6740255133892323 -16.430769558308093
-3.218147834323057 6.636430614377904
3 2
7.14394175176705 0.1346792003885824
5.3941818980585605 1.1720886625045281
-11.874112816908974 -6.794508812498098
2 5
-3.0064869569823593 1.2073581603171735 3.453066003887395 -1.5438436125802402 -7.434386108960784
5.00382493410612 3.76507886604609 -1.736935883894255 -1.1493889053172546 1.4803772519502267
3 5
-65.68031076175903 -23.621276465839625 40.71543142790029 -1.5281225186374279 -68.0986951977052
-48.80112065987721 -24.4581395337527 25.455168554854126 3.312975833428488 -37.56819354391812
22.2918445850074 -9.408470468911878 -25.92000024090023 11.74089176644628 55.98383878490422
2.506097037632946
3 2
18.635035296206816 -21.69844930622053
8.856806827602275 -19.11986749557987
-18.911334854618435 -0.19807965201168465
3 2
-7.435879383907633 8.658263818353621
-3.5341037057238966 7.629340447901782
7.546130325616016 0.07903909906009643
2 3
7.435879383907633 3.5341037057238966 -7.546130325616016
-8.658263818353621 -7.629340447901782 -0.07903909906009643
3 3
-9.798102711213462 9.866176390043899 6.64987648327277
-0.8396473467167653 3.04001086087478 -3.1708208175922925
-4.749106852813685 -6.8434690568426815 5.210191934335732
-1.5478999160029492
2 2
-3.597886079545669 3.3833802695862936
8.5460176618602 -3.7927138754232437
-15.268675084588793
9 9
4.431163196485166 -0.017978551894801686 0.1565431779744353 -8.61562571648799 -8.26635636169054 -4.052287935059066 -9.095255046782713 -4.70872231090123 -3.340289437124746
-9.802633862996174 -7.195354068335771 -3.578264039517305 4.904907178729811 -2.0402818043705273 -2.622234639578833 -2.904490769537036 9.684527853690065 8.467010121172924
4.503204326342312 -8.971329199511391 5.823258176018569 -4.844631117241127 6.954662551014805 -0.17189390423706596 4.256469706731323 -4.239610946548968 2.1177132692952627
-3.356262602814495 4.95177999217921 3.6512548161849856 -2.313238420941206 -4.195842676337913 3.0336195969896096 -8.650472574927754 -7.504869454215067 -2.791309084023641
7.945161510698798 0.8814627709585299 0.30869507974045307 4.111520360821115 3.7249219690782542 -8.078832377387714 3.237342844279023 -2.683589226104721 5.69031801246658
1.5514299842528323 1.6609840614775684 5.558938099742743 3.69478868203587 9.554722322750367 6.034241584998139 -5.611937408412901 -9.525775372516351 -5.781125344874316
-8.691200856945711 4.534462931069816 -1.3413436514713184 0.8599759866282741 0.2883892292417256 9.487483022853986 -5.980948805917841 8.877231540294297 -6.459629319843274
5.2490115016867644 9.29021755064013 -2.787969266730246 -2.764673802716493 -8.530456294104303 -5.116687087817122 7.699389363910569 -0.2274925088142754 2.406792788879948
2.048495071552634 -3.4964940762610097 2.123189366421976 4.415342198291872 -6.969315836690029 7.3808748177318995 1.3525313916620396 7.618799690862119 9.171110069140783
9 9
7.354843853344635 5.361359817495368 6.398794568274706 -6.2195230521757345 8.374304065878082 -1.908726421909035 2.7468628941768203 2.196652881703851 -7.460428224110061
3.525145094610611 6.865294123469328 -9.440960310344895 -8.101030395554428 -1.1861789115716048 -1.0000295618478439 -2.820828172103975 2.8467285978566736 1.4882874577043448
8.234403321828562 0.4754588830555062 -9.69810865768994 4.269409450070749 -2.354085911081716 6.665511319414119 -8.075205130683194 4.286879645108879 -4.054145660451722
-8.143457323140328 8.338816916203285 -1.8002371973139986 2.2710034856380723 4.766773574003345 8.26941912495675 -6.345247182595393 -5.669305595148568 -7.454545774804009
-1.747389668698689 3.063943177783297 -2.076871453609599 -2.4130967322654584 5.743599562094952 -5.662880446745351 5.766470434640576 4.52241882674217 -5.008291435280978
-6.039302523047782 9.882346842212979 -3.0137974709239046 0.8716991142887376 6.027808148479961 -6.435849064448145 7.928298413138018 -1.6188567921986374 -9.343956970971032
-5.9318424317085805 -7.647461246890859 1.544276821802777 9.96435862272608 -0.07733042692744885 -9.09363379624608 -7.897127533585737 -0.9439460230681496 -1.1175234987495197
7.6134622154168685 7.759601938008787 -2.2020233815126034 -2.978300071911424 -4.918678900391238 7.074298383007605 5.916677088075395 -7.373441489729615 8.718181250165255
-1.7966771523013203 7.99358165303643 9.780342614968385 6.405189890196463 8.371732828932348 5.697078921821661 -4.079323280126648 3.385566592380862 1.3724046597269468
9 9
11.7860070498298 5.343381265600566 6.555337746249141 -14.835148768663725 0.1079477041875414 -5.961014356968102 -6.348392152605893 -2.512069429197379 -10.800717661234806
-6.277488768385563 -0.3300599448664432 -13.0192243498622 -3.196123216824617 -3.226460715942132 -3.622264201426677 -5.725318941641011 12.531256451546739 9.95529757887727
12.737607648170874 -8.495870316455886 -3.8748504816713707 -0.5752216671703776 4.60057663993309 6.493617415177052 -3.818735423951871 0.047268698559911115 -1.9364323911564592
-11.499719925954823 13.290596908382495 1.851017618870987 -0.042234935303133714 0.5709308976654324 11.30303872194636 -14.995719757523148 -13.174175049363635 -10.24585485882765
6.197771842000108 3.945405948741827 -1.7681763738691458 1.6984236285556564 9.468521531173206 -13.741712824133065 9.0038132789196 1.8388296006374487 0.682026577185602
-4.487872538794949 11.543330903690547 2.5451406288188387 4.5664877963246076 15.582530471230328 -0.4016074794500062 2.316361004725117 -11.144632164714988 -15.125082315845347
-14.62304328865429 -3.1129983158210424 0.20293317033145852 10.824334609354354 0.21105880231427676 0.393849226607907 -13.878076339503577 7.933285517226147 -7.577152818592793
12.862473717103633 17.049819488648915 -4.989992648242849 -5.742973874627917 -13.44913519449554 1.9576112951904827 13.616066451985965 -7.600933998543891 11.124974039045203
0.2518179192513137 4.497087576775421 11.90353198139036 10.820532088488335 1.402416992242319 13.07795373955356 -2.726791888464608 11.00436628324298 10.543514728867729
9 9
-2.923680656859469 -5.379338369390169 -6.242251390300271 -2.396102664312256 -16.640660427568623 -2.1435615131500314 -11.842117940959533 -6.9053751926050815 4.120138786985315
-13.327778957606785 -14.060648191805099 5.86269627082759 13.00593757428424 -0.8541028927989225 -1.6222050777309893 -0.0836625974330607 6.837799255833392 6.978722663468579
-3.731198995486251 -9.446788082566897 15.521366833708509 -9.114040567311875 9.30874846209652 -6.837405223651185 12.331674837414518 -8.526490591657847 6.171858929746985
4.787194720325834 -3.387036924024075 5.451492013498984 -4.584241906579278 -8.962616250341258 -5.23579952796714 -2.3052253923323613 -1.8355638590664984 4.6632366907803675
9.692551179397487 -2.182480406824767 2.385566533350052 6.524617093086573 -2.0186775930166974 -2.415951930642363 -2.529127590361553 -7.206008052846891 10.698609447747558
7.590732507300615 -8.22136278073541 8.572735570666648 2.8230895677471324 3.5269141742704058 12.470090649446284 -13.540235821550919 -7.906918580317714 3.562831626096716
-2.7593584252371306 12.181924177960674 -2.8856204732740953 -9.104382636097805 0.36571965616917446 18.581116819100068 1.916178727667896 9.821177563362447 -5.342105821093755
-2.364450713730104 1.5306156126313422 -0.5859458852176425 0.21362626919493088 -3.611777393713065 -12.190985470824728 1.7827122758351743 7.145948980915339 -6.311388461285308
3.8451722238539543 -11.49007572929744 -7.657153248546409 -1.9898476919045915 -15.341048665622377 1.6837958959102384 5.431854671788687 4.233233098481257 7.798705409413836
9 1
-4.774345994824802
3.3061955516633557
-3.942868155922845
7.957291181721235
4.771338397397306
-2.4452790372518307
2.063561843195467
-0.021046198137872896
7.051583367024334
9 1
-162.14607729454832
126.33594548561241
-55.26197906245211
-65.22183268317067
80.87131000971648
-15.745952862057228
-11.284603456163751
-0.6773523589025636
21.42266029607899
1.4452857127604912
9 9
6.4042968587901195 -0.025984144189679936 0.22624961855657413 -12.452040754531962 -11.947246746138134 -5.856713856532582 -13.145242173027809 -6.805449081302111 -4.827672599961178
-14.167606669610553 -10.399342433218765 -5.1716138927990025 7.088992267834565 -2.948790141861919 -3.7898782600889436 -4.197819012056603 13.996909741769276 12.237248757929702
6.508416874503776 -12.966133916524829 8.416271843515355 -7.001876137343497 10.051474422052129 -0.2484358039044515 6.15181485393662 -6.127449128710206 3.060700731835754
-4.850758388120129 7.1567368754298695 5.277106419480093 -3.343290439994964 -6.0641914731019275 4.384447061479322 -12.50240442116954 -10.84668059830966 -4.0342391390379415
11.483028416987533 1.2739655491966364 0.4461525883483374 5.942321635218617 5.383576503056477 -11.676221010825337 4.678885360143884 -3.878553167407137 8.224135324481622
2.2422595905888523 2.400596533176423 8.034253813678141 5.340025293815608 13.80930366246484 8.721203150143031 -8.110852957285303 -13.76746704886363 -8.355377864624417
-12.561268425275374 6.553594489317265 -1.9386248153734844 1.242911006790952 0.4168048327370761 13.712123662988583 -8.644179857944975 12.830135914054155 -9.336009965698254
7.586321329503372 13.427018694376944 -4.029412148820567 -3.995743547509364 -12.328946605196755 -7.395074744688172 11.127817444640032 -0.32879167274931237 3.478503231343166
2.9606606595753022 -5.053432933171729 3.068615256774681 6.381430996139742 -10.072652606483528 10.66747292174161 1.95479429642921 11.011342341587067 13.254874353083054
9 9
-4.431163196485166 0.017978551894801686 -0.1565431779744353 8.61562571648799 8.26635636169054 4.052287935059066 9.095255046782713 4.70872231090123 3.340289437124746
9.802633862996174 7.195354068335771 3.578264039517305 -4.904907178729811 2.0402818043705273 2.622234639578833 2.904490769537036 -9.684527853690065 -8.467010121172924
-4.503204326342312 8.971329199511391 -5.823258176018569 4.844631117241127 -6.954662551014805 0.17189390423706596 -4.256469706731323 4.239610946548968 -2.1177132692952627
3.356262602814495 -4.95177999217921 -3.6512548161849856 2.313238420941206 4.195842676337913 -3.0336195969896096 8.650472574927754 7.504869454215067 2.791309084023641
-7.945161510698798 -0.8814627709585299 -0.30869507974045307 -4.111520360821115 -3.7249219690782542 8.078832377387714 -3.237342844279023 2.683589226104721 -5.69031801246658
-1.5514299842528323 -1.6609840614775684 -5.558938099742743 -3.69478868203587 -9.554722322750367 -6.034241584998139 5.611937408412901 9.525775372516351 5.781125344874316
8.691200856945711 -4.534462931069816 1.3413436514713184 -0.8599759866282741 -0.2883892292417256 -9.487483022853986 5.980948805917841 -8.877231540294297 6.459629319843274
-5.2490115016867644 -9.29021755064013 2.787969266730246 2.764673802716493 8.530456294104303 5.116687087817122 -7.699389363910569 0.2274925088142754 -2.406792788879948
-2.048495071552634 3.4964940762610097 -2.123189366421976 -4.415342198291872 6.969315836690029 -7.3808748177318995 -1.3525313916620396 -7.618799690862119 -9.171110069140783
9 9
4.431163196485166 -9.802633862996174 4.503204326342312 -3.356262602814495 7.945161510698798 1.5514299842528323 -8.691200856945711 5.2490115016867644 2.048495071552634
-0.017978551894801686 -7.195354068335771 -8.971329199511391 4.95177999217921 0.8814627709585299 1.6609840614775684 4.534462931069816 9.29021755064013 -3.4964940762610097
0.1565431779744353 -3.578264039517305 5.823258176018569 3.6512548161849856 0.30869507974045307 5.558938099742743 -1.3413436514713184 -2.787969266730246 2.123189366421976
-8.61562571648799 4.904907178729811 -4.844631117241127 -2.313238420941206 4.111520360821115 3.69478868203587 0.8599759866282741 -2.764673802716493 4.415342198291872
-8.26635636169054 -2.0402818043705273 6.954662551014805 -4.195842676337913 3.7249219690782542 9.554722322750367 0.2883892292417256 -8.530456294104303 -6.969315836690029
-4.052287935059066 -2.622234639578833 -0.17189390423706596 3.0336195969896096 -8.078832377387714 6.034241584998139 9.487483022853986 -5.116687087817122 7.3808748177318995
-9.095255046782713 -2.904490769537036 4.256469706731323 -8.650472574927754 3.237342844279023 -5.611937408412901 -5.980948805917841 7.699389363910569 1.3525313916620396
-4.70872231090123 9.684527853690065 -4.239610946548968 -7.504869454215067 -2.683589226104721 -9.525775372516351 8.877231540294297 -0.2274925088142754 7.618799690862119
-3.340289437124746 8.467010121172924 2.1177132692952627 -2.791309084023641 5.69031801246658 -5.781125344874316 -6.459629319843274 2.406792788879948 9.171110069140783
9 9
-4.233455499303127 0.5488815383621759 -7.0199114040759625 0.5430864971345617 2.756214863292965 3.65537477985979 -1.941093808229435 -6.323251942274903 -9.916478994905113
0.97083742274785 -0.8841867736877074 3.269202798664095 -5.071526864156559 7.261959703512478 9.802645379453638 -0.8559890195109454 -8.204513655093367 -9.428862789579322
9.526130452727537 -4.039648341428124 1.7348635381861355 -0.6147678358758868 6.394936630527155 5.4992568210339225 3.101577374459261 7.1342862107820215 -4.538694644802883
-7.03717644681721 -7.9721051263060545 -2.0383178482198105 -7.701900738420431 7.800834443510249 -1.5497895531344796 4.708830541905704 -4.206044894868155 7.929493251487216
-4.915064190217652 -5.574669622279913 6.813248641647216 9.673023757845815 3.9492585686634096 7.90287518874877 7.094968786341608 2.3761755769618587 3.3342846912384094
-9.495266556748579 3.715838189086973 -7.771246045618487 -5.415048252860764 -0.9791917657651261 5.8889456007722885 -6.782832543461465 6.272968866425417 -6.94277611819452
-5.409020157455899 -1.9668846180800892 -9.088171880629716 1.5406886768784878 -2.9708859215107775 2.658031947170667 4.981295535879422 3.307939163497773 1.888413416587904
2.0366726864576035 -3.4981962103559505 -8.016675660694892 -9.03290542573702 3.8725363351428554 -2.9150184439464755 8.327852618786036 6.102356221744383 6.025769363589005
-2.254453032429611 9.048521506120053 -6.956194055554561 3.9461679422109297 -2.572214577674208 -0.04957588945217806 5.055734444399532 4.065944881304874 -4.895464982385156
4.941711471449218
2 2
1.6750689245129724 -7.032472101418903
-5.369577807049026 6.217888218394814
-27.346014793741894
1 5
-7.837365354712693 3.6268883952959885 9.16856059365292 -4.270652255008391 0.19523448515606612
1 5
-1.0735912593310015 -7.987777694864957 -4.555334596775788 -0.1432107192811305 3.613874536731163
1 5
-8.910956614043695 -4.360889299568969 4.613225996877132 -4.413862974289522 3.809109021887229
1 5
-6.763774095381692 11.614666090160945 13.723895190428708 -4.127441535727261 -3.418640051575097
5 8
4.132531943451978 6.777552485634186 2.669650700895916 9.285737322321816 9.033346022055774 0.6109676861947766 -9.287755751197473 8.854971037192064
1.3032594743712766 6.662919990474072 -7.522981256213845 -5.5382148719946045 2.8600294592930675 2.8330804289291023 8.66030657580289 5.695867685938287
9.482704403667626 7.046842547303587 2.42794424450256 -4.41369202506613 -4.635809120967047 -8.440211862380929 3.4506675641776363 2.5156151880677458
6.389187132569489 3.8248450471011974 -9.226062993234914 1.1810132465048917 5.1478438694225215 -3.8234407262118375 -8.19989695816448 -8.696545482714036
-8.648124339159116 -7.56171524277007 -8.652692007085392 9.011266713816298 -4.6415512158139505 -0.4898820679508975 4.637333090094328 -1.7963193628429952
1 8
30.30695536122883 17.846024332684838 11.764715452846067 -136.61379287326696 -125.81916421179757 -55.66476044355256 171.7634309912324 11.112421560065519
-2.9570478036440884
1 5
23.17546400850944 -10.724882363372235 -27.111871966039107 12.628522870800237 -0.5773177055263297
1 5
7.837365354712693 -3.6268883952959885 -9.16856059365292 4.270652255008391 -0.19523448515606612
5 1
-7.837365354712693
3.6268883952959885
9.16856059365292
-4.270652255008391
0.19523448515606612
1 1
-7.747601978977947
-7.747601978977947
2 2
5.08708737986203 -4.446596341268574
-0.9936848773075968 -1.8205127681583333
-13.679623067585819
7 1
9.819922073707282
6.110383400414696
-2.748102153591132
-8.964943086613065
2.1890105979302277
-5.078642506986144
6.122869546275935
7 1
6.712358284018798
-8.461532895352843
5.342403494053311
3.558487669434638
2.4791471151972733
3.3359791248298842
-2.454725250161023
7 1
16.53228035772608
-2.351149494938147
2.594301340462179
-5.406455417178427
4.668157713127501
-1.7426633821562598
3.6681442961149124
7 1
3.1075637896884842
14.571916295767538
-8.090505647644443
-12.523430756047702
-0.2901365172670456
-8.41462163181603
8.577594796436959
1 8
1.7657698351912887 9.04014170473882 5.291691552461324 6.228456747778077 -4.754884928015999 0.35684747057045385 2.0156799160396655 -1.4423147344760268
7 8
17.339722181681406 88.77348707580653 51.96399868326531 61.16295990263701 -46.69259946256237 3.5042143532014096 19.793819701046353 -14.163418298314392
10.789530689905844 55.2387318100327 32.33426422227434 38.05825872182407 -29.054169935030984 2.180474860653673 12.31657709951806 -8.813096011715844
-4.852515886835439 -24.84323288756176 -14.542108951458966 -17.116435402118153 13.066909510758782 -0.9806533023782124 -5.539294318218997 3.963628227969791
-15.830026076548036 -81.04435587790074 -47.4397135997269 -55.83776026126157 42.62727276305769 -3.1991172642659493 -18.070455728124603 12.930269507561015
3.8652888827392426 19.788965998464313 11.583568889315698 13.63415782963625 -10.40849349936573 0.7811428949233185 4.412344698245939 -3.1572422393189448
-8.967713742556397 -45.91164793086476 -26.87460965218958 -31.63210519219042 24.148360711249804 -1.812300732549594 -10.236917702077307 7.325000918962383
10.81157834962542 55.35160833796434 32.400337054851065 38.136028141267246 -29.1135401217956 2.18493051022143 12.341745172959302 -8.831104963868325
-3.1492203234946237
7 1
-30.925098169652443
-19.242943588930146
8.654379153128536
28.232580967334485
-6.893676663346991
15.99376419876445
-19.28226521323848
7 1
-9.819922073707282
-6.110383400414696
2.748102153591132
8.964943086613065
-2.1890105979302277
5.078642506986144
-6.122869546275935
1 7
9.819922073707282 6.110383400414696 -2.748102153591132 -8.964943086613065 2.1890105979302277 -5.078642506986144 6.122869546275935
7 7
-9.67215694214678 8.80348851706336 7.939397798288437 4.818548303202879 -2.337196450754875 6.3876217457541085 -2.7004384779520163
-5.014486223605181 6.012578657928351 -6.313626516423893 9.720306652401797 -0.3577711250420146 -4.817650030852663 0.6910196771591526
3.9993321754025724 -8.087658984393522 1.8256555298189858 0.6904860117114375 3.065196645057817 8.092758313604577 -7.946719682366423
7.6302714940324385 -1.8541813330263168 8.028748627625639 -8.504363491687277 -8.9488048469058 -7.704852847991226 -4.173989639580402
-6.352435511884364 -1.5698966808677017 -0.30400121109435796 -2.40001327474455 -2.72067501294474 5.184113742511453 -6.388128709747507
7.048242028365976 -1.7986621232771305 -5.051307826272162 0.6689451823685855 7.00960778128014 9.348794856080664 -9.64672234862814
5.72410502028744 -2.9977302650811932 2.2775572962599666 -0.8507373246213601 5.03936040223272 1.9993222906133123 9.715651000670338
6.005484597719542
4 4
5.0930455822464875 5.257710114909968 5.389207561105902 -6.584035240844248
-1.0786785648492003 2.4597821916771023 3.4680142359386568 4.5937653028507235
-9.506643008819399 -9.71130043645263 -4.635709233511333 -6.8647128332599205
-8.324343891738224 1.0228723222422231 -6.769109232617305 -7.7383556179572555
-6241.178274472777
7 1
-5.895431216744205
-5.138650411568484
-3.836308289154735
7.138580345442556
4.446825962307381
4.751468587752614
7.638344762330529
7 1
7.224503801913203
-7.734378199270477
9.946841400926074
1.3096300903145042
-1.1954644608259923
4.959948123324589
-8.704749405151784
7 1
1.3290725851689977
-12.873028610838961
6.110533111771339
8.44821043575706
3.2513615014813886
9.711416711077202
-1.0664046428212544
7 1
-13.119935018657408
2.5957277877019926
-13.783149690080808
5.828950255128051
5.642290423133373
-0.20847953557197485
16.343094167482313
1 6
2.7933663351380167 -9.761388326608904 -4.049910798563259 -7.141761643422708 9.917102174861313 -4.883526401961731
7 6
-16.46809909197502 57.54759345945261 23.875970546879287 42.10376453518063 -58.46559374131923 28.7904939979197
-14.354133067718518 50.160362142008644 20.811075791852737 36.699016408298114 -50.9605211724178 25.09473495534621
-10.716214426135757 37.447694951028005 15.536706366865502 27.397999391829877 -38.0450612778149 18.734712816151788
19.94067001763715 -69.68245485256271 -28.910613627419245 -50.98203929957287 70.79403066921058 -34.86144558949382
12.421613941327154 -43.40719503892867 -18.009248484080118 -31.758171092583126 44.09962742202828 -21.716191991856977
13.272592395493927 -46.38093000673726 -19.243023942573426 -33.93385610993948 47.12079946538665 -23.20392229638171
21.336695115271898 -74.56084939762749 -30.93461493611152 -54.551237642850914 75.75024545484861 -37.302058314127244
8.78532099204821
7 1
-51.79325562563918
-45.144693331549774
-33.703199744679644
62.71471976223924
39.066793474644015
41.7431767270407
67.10531058500389
7 1
5.895431216744205
5.138650411568484
3.836308289154735
-7.138580345442556
-4.446825962307381
-4.751468587752614
-7.638344762330529
1 7
-5.895431216744205 -5.138650411568484 -3.836308289154735 7.138580345442556 4.446825962307381 4.751468587752614 7.638344762330529
7 7
5.289129441749843 0.5673076435597069 9.856077380773382 6.74321914093248 -4.494487282950434 5.785672153530761 -7.645155016244088
8.858269705695406 7.950681557413781 9.034662197625227 -1.5551207328336303 -7.713214308410416 -0.24101724032836502 3.3226384870304093
2.3116484356088707 1.513509075917463 8.93428929100904 -5.044374359391299 -4.280036532816533 -9.37059772703406 -0.7003767122004589
-3.6119397988803437 4.3082527775482005 -4.751241151309518 -3.531379521442717 -9.471184512306989 5.603896279173637 -7.976236974548088
-4.410035990695576 -9.290387553910728 -1.8173791263496497 2.35547542083705 6.309297118542474 7.707243484269066 5.391059381862224
-2.966613784413308 8.168247841837921 2.536640709208733 9.58242516315843 -5.480979524165321 -6.483842927696362 -2.3164055824430574
